SNP	CHR	POS	MAF	Beta	se	P	N
rs575272151	chr1	11008	0.0959	-0.0251	0.0158	0.1126	139274
rs544419019	chr1	11012	0.0959	-0.0251	0.0158	0.1126	139274
rs540538026	chr1	13110	0.0554	0.0112	0.0297	0.7071	139274
rs62635286	chr1	13116	0.1693	0.0071	0.0141	0.615	139274
rs200579949	chr1	13118	0.1693	0.0071	0.0141	0.615	139274
rs531730856	chr1	13273	0.1422	0.0123	0.0154	0.4228	139274
rs554008981	chr1	13550	0.0084	0.1081	0.0927	0.2434	139274
rs546169444	chr1	14464	0.1614	-0.0105	0.0147	0.476	139274
rs531646671	chr1	14599	0.1747	-0.0138	0.0172	0.4239	139274
rs541940975	chr1	14604	0.1747	-0.0138	0.0172	0.424	139274
rs199856693	chr1	14933	0.0397	0.0125	0.0282	0.6575	139274
rs78601809	chr1	15211	0.7087	0.0047	0.0116	0.6837	139274
rs62636497	chr1	15274	0.2916	-0.0029	0.0112	0.7945	139274
rs564003018	chr1	15644	0.0058	-0.364	0.1043	0.0004843	139274
rs374029747	chr1	15774	0.007	-0.2633	0.0925	0.004447	139274
