SNP	CHR	POS	MAF	Beta	se	P	N
rs2531267	chr1	69569	1.88E-04	3.18E-03	8.69E-03	7.15E-01	361141
rs12238997	chr1	693731	1.16E-01	-1.31E-04	3.79E-04	7.29E-01	361141
rs371890604	chr1	707522	9.73E-02	5.94E-05	4.27E-04	8.89E-01	361141
rs144155419	chr1	717587	1.57E-02	2.99E-04	1.02E-03	7.69E-01	361141
rs189787166	chr1	723329	1.73E-03	-1.51E-03	3.00E-03	6.14E-01	361141
rs148120343	chr1	730087	5.65E-02	-5.57E-05	5.29E-04	9.16E-01	361141
rs142557973	chr1	731718	1.22E-01	4.96E-05	3.60E-04	8.90E-01	361141
rs61770163	chr1	732032	1.21E-01	2.26E-04	3.84E-04	5.56E-01	361141
rs141242758	chr1	734349	1.21E-01	5.43E-05	3.60E-04	8.80E-01	361141
rs61770167	chr1	740284	5.78E-03	-1.67E-03	1.65E-03	3.11E-01	361141
rs112573343	chr1	742813	1.88E-03	-2.45E-04	3.11E-03	9.37E-01	361141
rs190826124	chr1	750230	1.53E-03	-3.62E-04	3.21E-03	9.10E-01	361141
rs28544273	chr1	751343	1.23E-01	1.41E-04	3.52E-04	6.89E-01	361141
rs143225517	chr1	751756	1.23E-01	1.39E-04	3.51E-04	6.92E-01	361141
rs3115860	chr1	753405	1.29E-01	-1.45E-04	3.42E-04	6.72E-01	361141
rs3131970	chr1	753425	1.25E-01	-8.53E-05	3.48E-04	8.06E-01	361141
rs2073813	chr1	753541	1.29E-01	1.59E-04	3.43E-04	6.43E-01	361141
rs12184325	chr1	754105	3.64E-02	-3.26E-04	6.22E-04	6.00E-01	361141
rs3131969	chr1	754182	1.30E-01	-1.50E-04	3.42E-04	6.61E-01	361141
